1 0
1024 0
2048 0
4096 0
8192 0
16384 1
32768 2
49152 3
65536 5
81920 6
98304 8
114688 10
131072 12
147456 13
163840 15
180224 17
196608 19
212992 21
229376 23
245760 24
262144 26
278528 28
294912 31
311296 33
327680 35
344064 37
360448 40
376832 42
393216 44
409600 46
425984 48
442368 51
458752 53
475136 54
491520 55
507904 56
524288 56
557056 57
589824 58
622592 58
655360 59
720896 60
786432 61
851968 62
917504 63
983040 64
1048576 66
1114112 67
1179648 68
1245184 69
1310720 70
1376256 71
1441792 72
1500001 73
