# This file contains poses that individually move all of the joints.
#
#          BODY           | HEAD  |  LEFT ARM   |  RIGHT ARM  |     LEFT LEG       |     RIGHT LEG
#  X  |  Y  |  Z  | ANGLE | ANGLE | SHLD | ELBW | SHLD | ELBW | HIP  | KNEE | ANKL | HIP  | KNEE | ANKL
# --------------------------------------------------------------------------------------------------------
  0.0   3.0   0.0       0       0       0      0      0      0      0      0      0      0      0      0
 -2.0   3.0   0.0       0       0       0      0      0      0      0      0      0      0      0      0
  2.0   3.0   0.0       0       0       0      0      0      0      0      0      0      0      0      0
  0.0   3.0   0.0       0       0       0      0      0      0      0      0      0      0      0      0
  0.0   0.0   0.0       0       0       0      0      0      0      0      0      0      0      0      0
  0.0   5.0   0.0       0       0       0      0      0      0      0      0      0      0      0      0
  0.0   3.0   0.0       0       0       0      0      0      0      0      0      0      0      0      0
  0.0   3.0   0.0     -90       0       0      0      0      0      0      0      0      0      0      0
  0.0   3.0   0.0      90       0       0      0      0      0      0      0      0      0      0      0
  0.0   3.0   0.0       0       0       0      0      0      0      0      0      0      0      0      0
  0.0   3.0   0.0       0     -90       0      0      0      0      0      0      0      0      0      0
  0.0   3.0   0.0       0      90       0      0      0      0      0      0      0      0      0      0
  0.0   3.0   0.0       0       0       0      0      0      0      0      0      0      0      0      0
  0.0   3.0   0.0       0       0     -90      0      0      0      0      0      0      0      0      0
  0.0   3.0   0.0       0       0      90      0      0      0      0      0      0      0      0      0
  0.0   3.0   0.0       0       0       0      0      0      0      0      0      0      0      0      0
  0.0   3.0   0.0       0       0       0    -90      0      0      0      0      0      0      0      0
  0.0   3.0   0.0       0       0       0     90      0      0      0      0      0      0      0      0
  0.0   3.0   0.0       0       0       0      0      0      0      0      0      0      0      0      0
  0.0   3.0   0.0       0       0       0      0    -90      0      0      0      0      0      0      0
  0.0   3.0   0.0       0       0       0      0     90      0      0      0      0      0      0      0
  0.0   3.0   0.0       0       0       0      0      0      0      0      0      0      0      0      0
  0.0   3.0   0.0       0       0       0      0      0    -90      0      0      0      0      0      0
  0.0   3.0   0.0       0       0       0      0      0     90      0      0      0      0      0      0
  0.0   3.0   0.0       0       0       0      0      0      0      0      0      0      0      0      0
  0.0   3.0   0.0       0       0       0      0      0      0    -90      0      0      0      0      0
  0.0   3.0   0.0       0       0       0      0      0      0     90      0      0      0      0      0
  0.0   3.0   0.0       0       0       0      0      0      0      0      0      0      0      0      0
  0.0   3.0   0.0       0       0       0      0      0      0      0    -90      0      0      0      0
  0.0   3.0   0.0       0       0       0      0      0      0      0     90      0      0      0      0
  0.0   3.0   0.0       0       0       0      0      0      0      0      0      0      0      0      0
  0.0   3.0   0.0       0       0       0      0      0      0      0      0    -90      0      0      0
  0.0   3.0   0.0       0       0       0      0      0      0      0      0     90      0      0      0
  0.0   3.0   0.0       0       0       0      0      0      0      0      0      0      0      0      0
  0.0   3.0   0.0       0       0       0      0      0      0      0      0      0    -90      0      0
  0.0   3.0   0.0       0       0       0      0      0      0      0      0      0     90      0      0
  0.0   3.0   0.0       0       0       0      0      0      0      0      0      0      0      0      0
  0.0   3.0   0.0       0       0       0      0      0      0      0      0      0      0    -90      0
  0.0   3.0   0.0       0       0       0      0      0      0      0      0      0      0     90      0
  0.0   3.0   0.0       0       0       0      0      0      0      0      0      0      0      0      0
  0.0   3.0   0.0       0       0       0      0      0      0      0      0      0      0      0    -90
  0.0   3.0   0.0       0       0       0      0      0      0      0      0      0      0      0     90