# This file contains a single run cycle of our robot.
# Speed up the play-rate via '>' when running!
#
#          BODY           | HEAD  |  LEFT ARM   |  RIGHT ARM  |     LEFT LEG       |     RIGHT LEG
#  X  |  Y  |  Z  | ANGLE | ANGLE | SHLD | ELBW | SHLD | ELBW | HIP  | KNEE | ANKL | HIP  | KNEE | ANKL
# --------------------------------------------------------------------------------------------------------
  0.0  3.03   0.0      -5       3     24     95    -26     65    -22    -70      0     25    -30      0
  0.0  3.03   0.0      -4       3     12     90    -14     70     -6    -90      0     14    -16      0
  0.0  3.02   0.0      -4       2      0     85     -2     75     14   -105      0      4     -4      2
  0.0  3.02   0.0      -5       2    -16     85     12     80     26   -110      0     -6      0      5  
  0.0  3.04   0.0      -5       3    -28     85     25     85     40   -110      0    -12     -8      2
  0.0  3.06   0.0      -6       3    -40     85     36     85     58   -100      0    -24    -14      0
  0.0  3.05   0.0      -6       4    -50     80     48     85     65    -90      0    -36    -22     -8
  0.0  3.04   0.0      -5       4    -50     75     50     85     50    -70      0    -42    -34    -15
  0.0  3.02   0.0      -5       3    -45     70     40     90     40    -50      0    -38    -48     -8
  0.0  3.03   0.0      -5       3    -26     65     24     95     25    -30      0    -22    -70      0
  0.0  3.03   0.0      -4       3    -14     70     12     90     14    -16      0     -6    -90      0
  0.0  3.02   0.0      -4       2     -2     75      0     85      4     -4      2     14   -105      0
  0.0  3.02   0.0      -5       2     12     80    -16     85     -6      0      5     26   -110      0  
  0.0  3.04   0.0      -5       3     25     85    -28     85    -12     -8      2     40   -110      0
  0.0  3.06   0.0      -6       3     36     85    -40     85    -24    -14      0     58   -100      0
  0.0  3.05   0.0      -6       4     48     85    -50     80    -36    -22     -8     65    -90      0
  0.0  3.04   0.0      -5       4     50     85    -50     75    -42    -34    -15     50    -70      0
  0.0  3.02   0.0      -5       3     40     90    -45     70    -38    -48     -8     40    -50      0